0 -0 0.01
0 -0.00995017 0.02
-0.0099995 -0.0198013 0.03
-0.0199941 -0.0295544 0.04
-0.0299779 -0.0392105 0.05
-0.0399453 -0.0487703 0.06
-0.0498906 -0.0582349 0.07
-0.0598085 -0.0676052 0.08
-0.0696936 -0.076882 0.09
-0.0795407 -0.0860662 0.1
-0.0893447 -0.0951586 0.11
-0.0991009 -0.10416 0.12
-0.108804 -0.113071 0.13
-0.11845 -0.121893 0.14
-0.128035 -0.130627 0.15
-0.137553 -0.139272 0.16
-0.147 -0.147831 0.17
-0.156373 -0.156303 0.18
-0.165668 -0.164689 0.19
-0.174881 -0.172991 0.2
-0.184007 -0.181208 0.21
-0.193045 -0.189341 0.22
-0.20199 -0.197392 0.23
-0.210839 -0.20536 0.24
-0.21959 -0.213247 0.25
-0.228239 -0.221052 0.26
-0.236783 -0.228777 0.27
-0.245221 -0.236422 0.28
-0.253549 -0.243988 0.29
-0.261765 -0.251474 0.3
-0.269868 -0.258883 0.31
-0.277855 -0.266214 0.32
-0.285724 -0.273467 0.33
-0.293474 -0.280644 0.34
-0.301102 -0.287745 0.35
-0.308609 -0.294769 0.36
-0.315991 -0.301719 0.37
-0.323248 -0.308594 0.38
-0.33038 -0.315394 0.39
-0.337384 -0.32212 0.4
-0.344261 -0.328773 0.41
-0.351009 -0.335353 0.42
-0.357628 -0.34186 0.43
-0.364118 -0.348295 0.44
-0.370477 -0.354658 0.45
-0.376707 -0.360949 0.46
-0.382806 -0.367169 0.47
-0.388776 -0.373319 0.48
-0.394615 -0.379398 0.49
-0.400324 -0.385406 0.5
-0.405904 -0.391345 0.51
-0.411354 -0.397215 0.52
-0.416675 -0.403015 0.53
-0.421868 -0.408747 0.54
-0.426934 -0.41441 0.55
-0.431872 -0.420005 0.56
-0.436684 -0.425532 0.57
-0.441371 -0.430991 0.58
-0.445934 -0.436382 0.59
-0.450373 -0.441707 0.6
-0.454689 -0.446965 0.61
-0.458884 -0.452156 0.62
-0.462959 -0.45728 0.63
-0.466916 -0.462339 0.64
-0.470754 -0.467331 0.65
-0.474476 -0.472258 0.66
-0.478083 -0.477119 0.67
-0.481577 -0.481915 0.68
-0.484959 -0.486646 0.69
-0.488229 -0.491312 0.7
-0.491391 -0.495914 0.71
-0.494445 -0.500451 0.72
-0.497393 -0.504923 0.73
-0.500236 -0.509332 0.74
-0.502977 -0.513676 0.75
-0.505616 -0.517957 0.76
-0.508156 -0.522174 0.77
-0.510597 -0.526328 0.78
-0.512943 -0.530418 0.79
-0.515194 -0.534445 0.8
-0.517352 -0.53841 0.81
-0.519419 -0.542311 0.82
-0.521397 -0.54615 0.83
-0.523286 -0.549926 0.84
-0.52509 -0.55364 0.85
-0.52681 -0.557292 0.86
-0.528447 -0.560881 0.87
-0.530003 -0.564408 0.88
-0.53148 -0.567874 0.89
-0.532879 -0.571278 0.9
-0.534203 -0.57462 0.91
-0.535453 -0.5779 0.92
-0.53663 -0.58112 0.93
-0.537737 -0.584277 0.94
-0.538775 -0.587374 0.95
-0.539745 -0.59041 0.96
-0.540649 -0.593384 0.97
-0.541489 -0.596298 0.98
-0.542267 -0.599151 0.99
-0.542984 -0.601943 1
-0.543641 -0.604675 1.01
-0.54424 -0.607347 1.02
-0.544783 -0.609957 1.03
-0.545271 -0.612508 1.04
-0.545706 -0.614999 1.05
-0.546088 -0.617429 1.06
-0.546421 -0.619799 1.07
-0.546704 -0.62211 1.08
-0.546939 -0.62436 1.09
-0.547129 -0.626551 1.1
-0.547273 -0.628683 1.11
-0.547374 -0.630755 1.12
-0.547433 -0.632767 1.13
-0.54745 -0.63472 1.14
-0.547428 -0.636614 1.15
-0.547368 -0.638448 1.16
-0.54727 -0.640224 1.17
-0.547137 -0.64194 1.18
-0.546968 -0.643597 1.19
-0.546766 -0.645196 1.2
-0.546532 -0.646736 1.21
-0.546265 -0.648217 1.22
-0.545969 -0.64964 1.23
-0.545643 -0.651004 1.24
-0.545289 -0.65231 1.25
-0.544908 -0.653558 1.26
-0.544501 -0.654747 1.27
-0.544068 -0.655879 1.28
-0.543611 -0.656952 1.29
-0.543131 -0.657967 1.3
-0.542628 -0.658925 1.31
-0.542103 -0.659825 1.32
-0.541558 -0.660667 1.33
-0.540993 -0.661452 1.34
-0.540409 -0.662179 1.35
-0.539807 -0.662849 1.36
-0.539187 -0.663462 1.37
-0.53855 -0.664017 1.38
-0.537898 -0.664516 1.39
-0.53723 -0.664958 1.4
-0.536548 -0.665343 1.41
-0.535852 -0.665671 1.42
-0.535143 -0.665943 1.43
-0.534421 -0.666158 1.44
-0.533687 -0.666317 1.45
-0.532942 -0.66642 1.46
-0.532186 -0.666467 1.47
-0.53142 -0.666457 1.48
-0.530645 -0.666392 1.49
-0.529861 -0.666272 1.5
-0.529068 -0.666095 1.51
-0.528267 -0.665863 1.52
-0.527458 -0.665576 1.53
-0.526643 -0.665234 1.54
-0.525821 -0.664836 1.55
-0.524993 -0.664384 1.56
-0.52416 -0.663877 1.57
-0.523321 -0.663315 1.58
-0.522477 -0.662699 1.59
-0.521629 -0.662029 1.6
-0.520777 -0.661304 1.61
-0.519921 -0.660525 1.62
-0.519062 -0.659693 1.63
-0.5182 -0.658807 1.64
-0.517336 -0.657867 1.65
-0.516469 -0.656874 1.66
-0.5156 -0.655827 1.67
-0.51473 -0.654728 1.68
-0.513858 -0.653576 1.69
-0.512985 -0.652371 1.7
-0.512111 -0.651113 1.71
-0.511237 -0.649804 1.72
-0.510362 -0.648442 1.73
-0.509488 -0.647028 1.74
-0.508613 -0.645562 1.75
-0.507739 -0.644045 1.76
-0.506865 -0.642477 1.77
-0.505992 -0.640857 1.78
-0.50512 -0.639186 1.79
-0.50425 -0.637465 1.8
-0.50338 -0.635693 1.81
-0.502512 -0.63387 1.82
-0.501646 -0.631998 1.83
-0.500782 -0.630076 1.84
-0.49992 -0.628104 1.85
-0.499059 -0.626082 1.86
-0.498201 -0.624011 1.87
-0.497346 -0.621891 1.88
-0.496493 -0.619723 1.89
-0.495642 -0.617506 1.9
-0.494795 -0.61524 1.91
-0.49395 -0.612927 1.92
-0.493108 -0.610565 1.93
-0.492269 -0.608157 1.94
-0.491434 -0.6057 1.95
-0.490601 -0.603197 1.96
-0.489772 -0.600647 1.97
-0.488946 -0.59805 1.98
-0.488124 -0.595408 1.99
-0.487305 -0.592719 2
